
Data Preview:
    c1  p1         r1   c2  p2         r2   c3  p3         r3
0  244  43  25.799999  157  43  24.500000  335  43  29.700001
1  226  27  19.400000  150  26  18.100000  291  31  23.400000
2  227  43  15.800000  157  44  13.100000  267  42  20.400000
3  213  18  27.200001  147  14  26.299999  240  17  28.600000
4  246  48  21.799999  174  48  19.000000  288  47  22.600000

Summary Statistics:
               c1        p1         r1          c2         p2         r2          c3         p3         r3
count   27.000000  27.00000  27.000000   27.000000  27.000000  27.000000   27.000000  27.000000  27.000000
mean   233.629630  33.37037  21.000000  160.296296  32.962963  18.848148  280.444444  33.444444  24.385185
std     21.731134   9.21599   5.144452   12.814700  10.408877   5.761435   27.621526   9.488184   5.391639
min    193.000000  17.00000  10.300000  135.000000  10.000000   5.500000  236.000000  14.000000  10.600000
25%    221.000000  26.50000  17.900001  154.000000  26.500000  15.550000  256.000000  26.000000  20.400000
50%    232.000000  34.00000  20.200001  159.000000  32.000000  18.000000  280.000000  37.000000  23.400000
75%    245.000000  41.50000  25.700000  166.000000  42.500000  24.300000  295.000000  41.000000  28.250000
max    274.000000  48.00000  29.200001  191.000000  49.000000  29.100000  335.000000  47.000000  33.299999

Missing Data:
c1    0
p1    0
r1    0
c2    0
p2    0
r2    0
c3    0
p3    0
r3    0